100008953
100022112
100016868
100008659
100000844
646
700000474
22779
110000557
200002852
230000935
200008603
29233
15744
10475
28243
30740
14869
20152
22411
9416
4643
26194
693
22952
11176
24460
31456
9685
2133
26669
24143
30681
16538
19115
21034
4746
13572
10806
24178
18737
27080
16376
17978
18156
16544
32156
12309
25937
1237
14605
13003
22100
32157
17792
6736
9579
31400
7604
30966
21488
3830
888
22753
5318
28139
14447
8635
27455
7845
13328
1706
12605
31117
31472
4223
18584
9260
31556
6193
31680
32577
4769
17801
20900
15120
8455
26142
22738
1532
19742
12420
11743
2392
23999
18369
16649
10363
19638
4864
7963
13842
30407
15754
16785
5051
3311
29425
10749
28623
10987
11150
19625
5502
14079
7470
3710
802
28400
9225
23076
15053
18002
14324
4203
292
31242
16855
22506
32369
32011
25952
4070
30195
8803
4857
27253
1913
10363
30200
29154
12079
2458
4886
32084
30647
13740
11043
22699
4731
6466
13816
9131
19010
5593
2476
11356
1026
20319
523
18608
16885
29427
15427
29543
23791
23277
15073
12336
26607
13342
1532
31505
29172
2137
7088
18184
6674
21041
17615
20467
10692
32261
8658
17325
10628
31802
1046
1658
9113
18632
26437
5797
2353
3064
7953
21351
28079
14444
3369
11019
3142
19039
29541
29776
19399
3118
13892
30479
13495
1047
9113
26653
3493
28481
4481
23667
4538
28157
27032
30604
30098
17740
29805
22799
11850
22945
31027
3502
11995
18152
1465
1870
4006
14790
29340
24680
21584
28195
30651
28335
17359
30438
25835
26867
1733
13055
21228
9285
13
5035
24732
11356
5012
6131
20587
15159
20331
8566
6671
21508
11034
1641
17529
1345
20790
1244
7175
5665
10038
31551
6395
9009
1922
2596
2604
28219
25037
839
22523
25962
13733
18891
29577
9648
6984
1990
17959
31845
20154
23808
13582
11313
28948
27384
3409
31019
29727
25128
27663
16450
25633
29834
30445
7645
1015
20827
30915
26558
28516
3615
13974
32300
14249
8421
4295
14417
11862
20428
17545
28641
21087
14790
24984
28668
4978
23708
18473
19286
24456
15411
17180
23957
11963
3853
4729
31738
343
5138
31258
6468
1075
30097
10405
24785
20290
23938
2750
3335
29285
7950
24186
31986
17539
6481
6934
19758
10460
14174
233
30728
16026
12675
26007
16608
11945
29647
4232
28370
3017
19922
15256
6805
30946
20388
3088
5026
2455
30761
6102
8345
4381
6290
19168
7905
21326
4391
16622
17807
19449
19268
26489
3978
125
5282
31718
4332
3990
16344
14848
15275
29558
11810
20133
22392
10776
9824
25279
12519
14289
7522
21111
17361
14376
21346
25765
25847
28903
27346
5770
12007
7026
23641
20417
13860
22616
27672
4723
18561
296
1073
31691
15310
19590
6282
10409
4022
30845
30670
21147
26344
28439
11701
14601
7029
6443
23174
10927
29305
21367
9178
17232
13054
14830
8866
12713
9245
15699
29291
6565
13926
14087
17889
26319
23683
28448
9362
8972
22295
18618
13813
9610
30700
2194
15787
11764
8270
27089
11524
16360
32434
29989
28101
21162
20380
19990
18985
10522
9663
27288
5669
26083
32101
26844
32240
12278
7953
30572
7619
31543
5475
887
18142
18805
14909
8553
5579
30624
7972
25535
15846
27446
21737
5146
11805
13311
22152
658
29429
30202
6992
24396
31181
12183
5188
21071
6503
12326
6338
17811
932
21136
1634
5467
1167
20549
6177
6853
12957
16501
14527
17568
29748
6019
21605
12925
32361
15031
28043
1545
12558
31795
31001
24218
29676
4904
17868
13063
31053
25673
29404
32189
2494
11904
14812
28431
15634
28640
4065
6606
17578
5852
25062
19994
10996
21430
28783
5751
11314
7738
3693
2852
3197
17323
18274
28584
3849
4350
12485
20141
29354
27974
27304
2065
6039
30832
5016
1339
12911
560
13253
1963
12409
27963
25443
17877
12592
21175
12367
18992
14591
31215
1782
18570
329
30796
8819
23966
2476
3457
18423
27880
20103
4101
20846
4280
18617
32198
19295
20614
6828
1308
10772
4485
3731
6651
23036
30074
18927
27502
12109
7119
23128
19776
30957
30947
32634
27132
14995
14245
22110
20761
21034
22881
18923
13678
3190
2010
27820
28652
27897
19864
8147
6795
11544
10371
11134
22405
13946
10929
11322
6339
7345
7549
31173
31636
23068
23257
27417
3237
21515
20709
7077
2094
27173
25536
5598
27241
5383
8605
1782
25672
22574
32026
24555
2151
2839
462
1988
17472
15780
14113
792
31134
15298
9569
13519
19540
29769
12562
7212
30766
18212
16517
13324
17192
32433
24492
22376
24542
30826
22060
20257
21572
16582
25524
27901
14487
9818
5773
22508
25235
2116
28787
28049
20711
25545
19876
23805
27366
25917
16950
24254
26751
35
25005
11800
30319
21142
9421
10130
27317
22504
25005
12469
7494
11912
2573
19728
14595
29993
9193
1151
6376
800
12367
32429
1414
14
29805
30680
26291
7872
22766
29396
15744
32595
21383
19539
31339
31900
3788
4963
982
26823
17481
19256
184
32061
31950
31276
15251
460
11018
10756
12710
28418
21595
15733
8803
4057
15333
16103
13091
26266
17378
3192
31513
22779
31032
1348
2948
26506
32081
7140
18473
29775
16935
29236
9217
23725
19614
25177
5679
27274
28951
6403
23348
24752
15938
9456
22118
9842
2611
8114
10143
22162
21945
21425
18738
13666
31211
883
18979
21034
21507
13851
30871
22474
25456
11568
4233
20640
3622
26528
17087
25004
32569
22021
10236
16626
21418
9254
29816
27424
2433
15297
32653
23665
25883
25736
29619
20689
16582
9577
15022
20290
31371
19218
31238
1150
29771
14261
13240
12510
23054
24584
24363
11642
8855
6545
3685
19602
32316
7712
29567
6445
10228
26781
23126
14847
19634
20227
27268
31632
31985
32173
17807
17819
23696
14289
21855
32692
1249
330
24310
10542
19709
5530
11611
10300
27738
20527
26839
5206
11167
27109
28260
32735
6070
12237
15203
1284
27427
5933
16781
6631
8597
21191
14124
28669
27067
19806
14219
25268
26969
11639
18347
14682
1947
18013
4919
16442
12713
6759
30138
32008
19835
21117
9232
639
20207
20185
2587
10056
8985
13579
12471
9246
26074
8000
16367
23856
5556
20675
29041
23238
14812
5060
1855
13608
11921
9305
6824
30652
2989
19650
22391
16238
22906
5873
30570
6228
1990
14154
4581
24210
23354
5287
5096
9852
17639
4511
29759
28667
22562
31496
30712
10546
21138
16314
6938
17505
27271
21910
29076
25865
22413
28615
5236
26705
18754
27208
28505
19624
16484
3750
555
15532
32302
5640
27401
16714
32229
3180
19587
24359
11438
31027
25610
9023
21410
28896
25764
25293
26660
29725
27109
12906
13938
16383
5914
22648
6779
29578
14023
16065
15089
11896
28244
10076
31390
3382
23043
10449
5115
9776
9509
13692
4863
27726
29326
12855
8501
6846
10566
24627
22545
3573
31105
7719
3460
11760
11729
17581
20174
19904
7323
8680
32148
9285
19912
22635
17202
16954
10428
9558
20050
10609
16012
20930
3774
26976
1131
21344
25458
25821
4710
24668
28406
9510
14930
31368
1514
24100
2818
13750
27618
2033
5053
15717
21109
12695
31726
23969
20113
28955
17182
4900
14353
5306
15648
26305
10130
31090
7819
6147
1666
10948
11630
23313
25977
12217
27198
11732
3277
10531
17683
2140
31585
9509
13076
27776
18365
19445
14384
6341
5988
18913
14608
25218
8289
6800
10569
31553
26916
6539
27093
9575
14988
31739
27588
7192
30789
6069
27439
12885
21332
7027
22126
28007
2800
7268
13706
7809
12180
7400
9717
16289
7250
28820
15993
6071
6762
8573
28527
27145
25371
15027
13105
13526
29625
7179
8914
17209
26624
15138
17164
5713
20136
30110
7545
27039
11321
22711
31238
22191
8225
503
19622
23547
24580
32061
11075
19212
32083
17416
24570
25058
10528
16882
27527
5014
27185
635
3070
17470
31059
27656
7101
31761
14320
11308
23710
21964
29924
14629
881
11348
29581
3242
6057
19356
26913
31716
31573
10441
25669
20666
12114
26004
21211
2129
10175
8944
6683
23251
17586
26349
29925
28784
17193
6621
3157
26531
14916
24245
32409
4279
30897
19126
18431
649
22119
16460
16978
27791
20119
28982
11879
18969
30175
19431
31731
23255
8386
22572
17311
1180
20053
18192
10079
609
11066
14845
3327
1165
16594
1315
26367
9844
9391
28957
32672
23837
15432
16338
31295
17224
26865
30874
32482
26287
12298
16291
17425
31373
13174
15506
27367
4957
3663
21613
24936
20452
27095
15032
16149
4977
24242
7646
20414
13668
30291
29395
16536
18925
24757
9208
9103
26646
12875
10047
15581
4356
15929
16271
20188
7289
24772
28010
22552
20126
19975
21197
30633
31488
14568
3671
27584
22744
26187
20910
24191
27791
134
14111
29966
10881
16148
6788
21739
14082
13965
31083
4993
26526
25813
7796
17405
27045
19860
7163
5981
12776
15079
23031
17097
6589
30294
15138
8231
19785
3589
7515
15594
28414
31278
14664
19242
5218
14030
9535
10490
18
9631
32615
29174
15623
19527
794
20251
32537
17103
3470
30940
27841
26198
21941
8049
13859
9223
23393
11635
7500
28744
20908
6310
21432
15924
2199
13590
20759
2892
6641
15973
1872
21353
23931
2915
6087
246
26697
8159
28124
11611
7019
4285
25268
17852
1485
28233
20027
26596
7516
10443
10601
2940
4970
9052
9669
19329
18516
26871
24104
25589
8802
14291
1220
14292
19438
22256
12900
29513
7369
27120
15093
7714
13018
14121
11078
12930
32264
5112
21516
3029
17243
27480
1577
16905
23389
4787
25646
17660
12231
24824
27934
19504
15449
15341
9333
28358
5898
4039
31592
30634
17249
25848
24431
18955
21795
2120
4609
27150
9774
31015
11678
32195
9125
4673
31763
23128
30285
8276
506
29068
2615
23358
25472
13159
14752
30043
1643
14376
7957
13581
5467
18048
21211
19612
18511
2557
6029
25665
5740
3529
14855
2685
13562
20372
10371
32431
1968
32463
1282
2534
26161
15387
14062
23028
23254
27905
16381
4804
16046
30691
22616
2541
22211
31794
5629
24710
22175
23266
9057
28477
27663
8987
18778
14499
14375
14130
20541
21962
22918
15831
31811
4370
27612
13200
10546
9024
8361
12390
18745
18128
21831
13789
19227
5517
18986
6442
11152
25694
24423
23969
13800
4451
31347
4973
14321
30784
31021
3715
11547
185
22047
2521
9434
31616
25089
2770
26700
16714
13951
6397
8988
18472
17981
7680
5030
8981
11799
463
1627
8139
11181
22306
8295
30428
23839
11301
15762
16893
11797
21361
25956
11429
5635
14651
7053
4823
2987
6347
3972
571
20963
9776
28525
20852
408
51
25152
16814
29971
32393
27944
24182
30843
12365
18473
4047
25499
7853
26118
4738
230
10211
13154
19125
26040
1639
20773
9407
8159
22626
20001
30779
23642
15206
9206
8539
27488
20573
31538
17536
17829
15296
31421
28679
30424
30218
9845
4197
4464
107
4373
27254
4008
20928
25947
4114
17864
4035
2666
738
18855
26751
26477
31089
29550
8200
2685
31366
23454
9832
14021
17074
31317
18908
7651
10277
19405
22849
18578
28869
7717
19145
29318
20098
27748
15090
23960
30179
27323
22457
24611
741
10250
3082
12974
8198
26790
32636
16587
9117
7770
15931
318
5996
8619
7493
6498
24184
4192
11994
20425
27929
30018
23341
4643
18253
7457
29024
4705
14673
15639
17583
16154
32371
19985
10732
6957
18978
16778
26923
14504
26439
29594
30654
23272
25048
32304
3684
1026
28329
20891
28605
29026
1414
13904
29441
19378
24960
7143
9970
3582
23428
22886
8463
26645
21298
17090
19723
8242
6635
14243
20605
14299
5164
3944
22233
22538
1307
1643
22943
18571
14432
4230
14546
30373
32310
13526
14252
20220
11714
22206
12688
28342
8611
4143
6976
28637
25290
295
9296
21764
30092
14456
3291
22574
31989
6603
884
8427
10336
25828
8031
9668
8004
16936
19202
15577
24401
30812
12950
8137
16572
12207
2850
26322
5335
26107
17834
16186
4836
30792
675
24813
1835
26002
22955
1895
30794
11980
18807
29140
14029
30756
25613
11894
2814
20361
2867
13640
29950
15466
20775
5601
13077
31937
20880
15514
583
4945
5813
4851
19752
2859
24301
32563
15601
5239
22102
1871
24786
24177
6346
6925
24458
21170
4111
18793
26422
5553
590
25912
20326
28809
25799
23819
8566
2045
18114
19030
31516
1209
26825
31698
32573
4314
21524
32543
18693
20145
1605
28078
5430
11460
1366
222
5568
15126
28623
12645
9107
26025
23868
26098
17073
14400
8926
29969
11399
3945
20641
32334
21629
23227
31310
24221
6860
21597
8450
17401
8591
20936
20703
9292
30750
4557
18177
7055
4247
11225
13235
30002
13245
1144
27875
25790
26374
27416
9428
12729
30959
17680
30995
23242
10131
27104
28076
29725
5500
5306
10397
17673
185
3906
395
26864
28720
31123
14772
30567
19254
21378
28709
30615
3933
11046
9773
8931
6285
5272
26641
15052
12119
20215
28161
30225
20869
15023
18763
18714
26870
1275
29135
3478
25769
11433
18355
19812
26647
17438
23896
13487
1222
5273
7564
28510
12827
1724
8705
30123
30576
29768
19965
3089
31846
18216
340
31340
29564
2481
30612
15964
4833
19496
10111
15594
3975
900
14014
14190
20089
17782
21971
1968
16494
1447
6224
26445
7070
14401
7494
18012
26580
32176
7169
30034
4293
15274
10482
9763
29344
18284
18157
2218
5350
1351
6293
1611
1916
8540
17940
24791
5631
17828
27407
14511
17751
28979
8408
15917
20367
21693
30950
4671
4579
22617
31619
6741
8475
11909
32453
19326
30744
6250
27071
12493
29869
16226
14328
12546
5808
18360
20765
22374
13648
175
2290
9207
7848
21957
23438
9925
21909
25912
14792
27292
25029
24522
31213
29411
26129
5569
16564
20676
28941
21811
30323
5006
15325
32128
7314
6231
19274
27680
5952
31973
10005
9887
16230
14799
7050
26085
20697
10207
14681
26299
2260
29883
1954
9099
2213
19140
7247
23399
20646
12351
3750
2637
26479
25011
30750
13994
330
11153
30578
14364
15336
1818
27125
23420
16978
32382
20261
2076
27937
7233
2690
19021
13042
27107
30625
26405
32021
16832
1148
23935
13445
30773
17932
30786
6941
8196
15130
21991
17672
28154
12626
2357
18042
32719
153
14159
27037
2637
4256
22257
207
12980
23737
29943
10506
5982
27114
8735
4259
19359
25408
28175
5688
19183
20582
5018
21476
10059
6774
14911
27316
30424
21263
28914
8799
17610
29096
17952
12593
2436
31524
8429
16457
28160
18342
16320
4
24178
23206
1
24761
12328
325
21281
17319
24245
10973
1243
14379
9294
12253
14010
6455
29044
31444
13532
7935
2004
18379
2037
14581
15467
28120
26774
17400
9453
26352
30640
28872
13416
2557
24660
28350
2852
11056
18108
11962
32207
5785
10383
21084
6102
6389
4705
7031
7446
2759
20089
28610
20148
4522
28888
17617
30537
3045
25719
2116
579
23104
24015
22591
8840
31766
22174
8218
19548
12716
30441
27993
1668
6337
3901
4318
22187
30566
2107
24669
19718
10512
27476
11281
29492
25068
26832
15533
8808
15474
32533
28054
1225
17725
10022
14159
17945
31002
10858
15924
14229
26975
1455
14700
27421
31358
32110
17945
2453
28889
18256
31441
26763
16344
27890
20306
8986
20281
19429
11377
14862
10920
22266
14420
32584
20368
31932
13025
20581
3376
22333
30326
25754
10993
2326
28891
12770
18679
27561
10357
11612
12022
29353
8636
27374
32071
26845
14575
24623
29755
27168
17414
20100
17839
16045
4328
6281
9440
31641
5086
1714
2177
3233
23111
16178
21259
2854
5518
29979
21845
1654
21082
4807
24420
8525
12292
25464
21380
10396
11342
59
28567
1928
22354
1042
16558
15542
952
19281
29910
13510
18220
16969
32565
11805
24335
1828
16981
2536
19821
25360
13503
11869
16944
24224
13260
24132
9363
30062
30904
10679
20697
11526
25592
23590
24126
4863
4813
2974
302
26219
29466
11594
23989
28786
18803
21306
24119
20537
23926
30563
25185
15881
16478
30695
23135
2477
25045
10391
8783
22555
26378
7606
12790
25687
30724
5120
29874
18325
30518
6635
23984
3230
22355
24109
3167
4724
867
18302
5413
569
3351
14751
16976
23629
5465
11163
24911
24759
9000
29517
28706
22214
23715
27170
16143
30711
22115
20257
23191
538
27918
2600
20904
13489
23849
13432
11284
15769
3374
2675
9538
22764
15839
10917
32548
10277
5337
17922
360
1157
13676
9582
30963
20662
23466
10371
19339
3503
11710
8590
29651
14039
14208
13018
31101
10605
17478
4402
14779
6951
2812
20385
5110
25625
24695
6268
20163
8153
25606
30626
18707
27105
23114
6659
19369
14644
10824
9823
3794
8005
12477
4944
18512
28180
23985
7819
21911
2458
20559
18787
22076
26727
25844
32399
19114
1930
27014
17708
2839
21937
27655
9478
10934
22929
22378
8211
6958
6024
21157
25920
9292
31361
5639
8304
1012
17433
10956
3010
19038
18432
18671
9747
18047
30369
18239
12997
5828
31493
20917
26302
12806
28660
23045
26291
31931
28766
30323
31398
15977
1786
8936
6829
2913
16685
6213
14582
30377
26925
11767
27912
8250
11110
31180
25675
29547
11037
8708
15307
10670
19027
5548
10041
25978
10476
7975
2355
31112
7952
1294
24772
12354
14034
11578
12335
10105
26895
30238
16616
5206
8601
14938
26852
915
20117
12942
13586
27114
32546
10604
7466
6350
21820
13842
9381
27482
20191
28822
3340
16263
10863
21730
32118
4001
27223
18370
17229
16380
15345
29243
4176
29923
17830
26399
23006
1233
8278
18142
15729
23268
32761
21919
3689
23950
20359
14223
28939
11662
17430
18297
9929
20766
11074
15256
28611
8046
30930
3241
9615
82
22425
21315
29493
21559
16793
3947
20094
6236
25455
3684
5743
6975
20203
25284
31504
21845
16638
8909
4722
14845
32473
24825
16111
5303
3667
4823
19124
18065
19851
23062
23677
30691
11727
25567
10656
4668
5565
21097
2381
5788
11944
25799
19732
9188
8510
20740
679
16778
1383
1137
738
17041
2416
15934
29192
21689
5224
14408
5456
4083
26570
21042
8608
6679
1117
29367
26520
13017
22105
4926
210
15354
27851
10671
25192
4539
16442
25734
30903
18327
19595
27942
12387
7473
546
9327
4252
16268
21066
3474
19103
10874
23255
23332
25215
15959
29962
21106
21797
24054
11188
30997
24469
10460
23710
16582
19316
9644
2345
9587
25799
28899
6706
29074
31998
17349
6968
7349
7985
26520
12481
30814
22953
26895
19961
7957
16546
8201
28061
22969
3663
24444
21015
28436
1055
25003
4331
4529
28991
17568
27985
24562
608
10966
17955
10845
16058
21558
6906
29751
22097
17220
27797
25172
9591
17051
31866
3117
4498
24215
12255
25395
8991
10065
6602
9315
247
20176
28792
2075
12497
30589
29180
9260
16649
18136
31784
13360
16288
4202
23472
15390
8835
11514
5773
14619
1296
20996
13728
21651
24278
32103
20888
19849
6044
18782
26389
3115
7333
15537
13837
5034
23347
27437
12400
17992
17482
31313
15367
12211
15798
24138
19362
18833
9296
25378
4978
28252
17276
22068
23732
28272
26102
25571
15503
31586
25551
32139
12864
23956
20914
23480
28788
10246
13676
28822
22005
24175
25515
24233
22921
16781
27398
18366
27928
13753
12350
2082
7180
30654
8132
12817
26877
5099
6267
23921
11918
21351
29630
8129
1938
5061
20133
16460
628
15576
30852
31906
9173
18633
10933
29000
31862
4710
28056
31407
22105
23997
20183
8803
15651
20202
19695
27781
26053
17197
7148
6523
14683
16448
10099
12262
1876
28135
30214
25300
8916
19912
20868
10296
28502
9597
22767
5015
8342
20200
24434
18691
12718
25286
15523
7245
22399
29063
29189
12407
29266
15966
18897
11112
17087
12436
21238
20963
26063
28449
24158
8122
23645
23165
24947
12351
8642
22708
25058
2812
5553
10169
20126
10404
15711
10748
27177
17481
8167
24894
10767
19662
16878
2980
12211
2720
1154
5899
15949
19873
27464
24220
21044
14181
3543
26272
15705
30113
14431
2709
27924
224
32654
20865
15652
13176
19380
23686
31729
19645
7973
9143
1043
13428
7135
29994
3864
4747
3180
27214
9602
3847
29706
18303
20496
20029
27146
31192
28223
32069
17526
10057
22031
684
22006
1257
8458
10089
17140
26509
19075
19474
12799
17049
796
32336
23405
2326
23947
657
15429
9477
14493
9724
28764
30963
2682
27818
30653
8142
28972
28691
27470
24311
11355
454
25777
32408
25690
26206
7529
31800
25192
15537
2366
19341
7727
25930
28642
6545
17553
32282
18900
17880
7076
18026
25733
1568
26619
32532
4538
26666
14120
6899
26161
9672
13182
21400
19335
32568
25884
30270
26969
4016
1063
32000
10666
20538
16470
18506
23684
15554
8628
3214
16098
20333
26273
18488
26830
17965
794
21987
26311
26259
9531
28365
613
13284
25346
12680
32320
19310
30038
243
18701
23324
9288
20329
27658
26185
18584
10808
14493
19666
1659
6485
31031
18543
9627
10062
10623
21571
10848
9599
31149
12977
5230
137
8499
1394
26223
14592
17571
11236
23314
21604
29389
23461
27475
23123
32039
10081
2558
12796
12147
26600
14446
29655
10907
15236
22683
916
26336
3977
24660
1617
8499
26669
20936
2319
14307
23194
7499
27495
14969
27970
20567
25209
12513
21107
13777
10278
24010
12587
19342
10879
78
28717
12566
20348
22742
14164
29608
8434
30008
6952
23422
29887
2083
9903
7761
25927
20413
14214
6944
11813
20362
24623
814
16666
24976
17581
5194
10057
25273
9550
18514
679
32376
3017
7674
17325
23983
20104
24266
26448
15569
24135
1638
20786
11588
4574
12050
5658
1545
25691
10101
19106
18334
22868
5533
10799
30499
31612
19268
10790
13501
10611
12114
19805
4408
9443
24739
19408
26352
6088
30217
25238
14833
1039
32661
24595
25437
20835
11538
16494
3086
27972
15827
28229
14973
12633
7599
31648
30690
1031
21321
26404
20637
26434
9109
16778
13269
27043
3735
18255
30303
11707
2414
17068
31969
31656
6546
18888
20791
4325
13658
11565
10005
8807
3521
10872
5102
17637
9577
14165
32277
12151
22752
30891
1827
3170
15395
14868
30104
19506
29024
31120
25029
12042
23808
23418
10729
30777
23269
6843
29082
13
22768
18749
12390
6124
31431
29859
5051
29856
10965
823
14340
4851
15506
23843
32021
19068
1028
13797
31177
696
1670
2557
21225
15965
10440
9448
31056
28906
32279
17234
4941
21123
7390
9608
5449
9724
7277
9772
19882
9524
8186
10540
26615
1956
4837
30452
11068
22327
31297
22499
30640
1884
32655
1020
18325
602
6348
15071
14176
8421
29103
6135
22810
16366
31276
30452
22278
26815
15932
31868
10628
16198
27360
5917
25653
10929
9315
3207
24160
27708
4576
26360
14996
6215
16901
22263
4495
9644
19734
23877
17503
1871
22581
20753
14791
1015
24032
5739
2788
16476
24507
6395
25360
12161
26000
24307
5895
23875
28052
18498
14153
18226
12780
19979
8639
14241
26479
22101
22176
22265
22958
28676
5270
26451
2097
2824
29
24133
10500
212
23084
20731
13427
273
2584
26250
24081
13972
32437
17538
7935
14478
10942
10690
13674
7171
8311
11153
15702
14718
4240
18666
18074
31490
12365
18454
3116
17987
19172
4737
12447
22294
551
710
9194
7719
610
22796
5739
30698
11655
18837
7468
20436
392
22932
27492
970
15877
32319
17729
7130
3367
12838
4068
10793
13260
29891
8878
26412
3300
26706
15802
24091
21530
483
18858
15779
952
32685
17575
8412
18884
6565
163
25722
22639
8271
5857
23623
5553
32212
13496
31953
28205
19798
9620
19807
20314
31872
15933
13866
3300
11105
3420
32458
13648
15994
30011
4335
6624
22293
4812
21329
3510
9689
5613
12522
8251
19356
28394
8290
22210
15480
30019
16331
10601
22817
27568
22670
18240
12917
1379
24485
26030
11093
20621
17931
7952
27828
10787
11633
9378
24557
7906
21811
18339
9050
23953
21386
7604
11554
7814
28419
17538
4178
9323
11312
2212
6192
14914
25501
29639
11724
21159
29701
1544
15319
11349
25798
7841
1208
8172
3219
22472
7901
31474
4201
22996
2895
3095
20164
27042
6794
17597
2834
13879
5003
5047
28008
10662
20778
23889
10868
16692
18858
13457
26547
12475
13455
14781
12259
21836
17071
16925
3004
15128
7308
11522
4827
14993
6881
2568
2303
28876
28027
29847
23415
5930
9290
18608
4827
32311
20152
5350
3323
12242
9529
28074
4885
31887
28964
1484
8267
30809
9921
12351
27731
10844
26019
12061
3697
29730
21304
29674
19618
29691
926
13597
27418
26275
25784
31964
4081
19487
24450
5384
3866
21480
9121
29817
12948
21579
20799
4491
21220
20752
29973
15833
21442
21850
2761
28488
22803
9422
31099
6728
18455
2039
16027
342
26852
14313
15101
7621
15379
11557
22063
1471
22713
21949
27658
29575
26265
30393
14471
20992
2199
15544
13780
29299
19312
16347
8359
20365
27817
32478
5843
423
3525
5512
1049
18507
10171
12870
20800
19699
21159
3859
2407
787
13760
29082
27035
18778
13194
30367
3749
12341
9805
11419
13605
2454
16581
16806
16357
9715
26395
18586
30823
25233
5140
22902
15808
27906
7817
4352
5545
24557
29463
13231
21460
7437
5655
30663
19324
2172
464
15046
16192
2354
13548
9727
817
29384
1321
1669
1322
15490
2641
23626
12128
10637
13676
25736
22841
18053
26676
9056
14946
24635
8393
12482
5148
22452
3494
19596
1238
30581
7636
32246
14849
11773
24925
16941
29728
20884
19972
3646
4382
20803
15411
10294
4325
30500
12341
7047
18476
8156
17317
19630
13712
2917
17191
28691
11495
11025
21590
26673
19665
4299
14333
20214
29327
25504
31881
11885
8217
32127
13502
11418
2154
5693
1706
11942
13855
8156
9943
14140
64
14349
5061
1074
16734
21235
9623
12140
1246
810
17933
22269
7828
776
25778
4240
24724
25379
31575
11271
25412
531
14015
2401
5046
12665
6044
1505
31797
11328
8122
17516
31518
16930
24443
21812
23538
23662
30595
147
1704
16393
25268
14649
14664
12467
7261
31114
32693
22924
30382
4162
24010
7895
13680
8283
24489
15613
16627
22576
1104
22741
1351
9186
13934
25890
20910
24315
18292
350
19538
18769
8430
13750
20020
17198
8212
12373
15205
5293
20380
26597
11128
17511
29651
18259
30263
16719
7404
18131
30869
25563
13208
5669
9700
2661
13271
15382
14664
21712
2573
20297
7020
17262
18008
11319
20595
15649
6689
19573
562
16577
21489
9014
31388
17854
19846
8976
8829
4103
39
20739
22636
31530
13108
2231
13306
188
30977
22021
2352
32251
28132
1977
16441
31922
28045
24470
21851
861
12950
923
5420
12430
5211
5253
26882
9615
22284
3477
18347
1097
16897
20883
7774
1124
28749
2323
17906
25520
3989
13815
22606
13764
291
8245
31265
22245
4406
32731
27859
1577
14492
2128
31931
27355
7299
14556
8082
2338
16525
5738
22311
27102
7970
12941
11349
31187
7178
9154
22066
25609
1339
21237
24970
27506
5615
16966
27788
1998
12282
12556
19138
18892
16219
16666
9543
19058
31761
322
27444
10686
32304
280
9819
24718
22579
20984
2104
27069
11156
6475
17188
1679
27546
6149
972
8783
17011
19314
7906
6454
19586
2867
18194
26255
7674
18564
24376
32281
18092
21184
15568
21677
18461
17702
28333
23584
12764
477
23535
30315
22546
24118
20271
9225
22619
25650
16892
29089
24788
19780
31883
26853
28022
6743
23978
2234
28578
27923
24310
2201
5116
1628
10574
27445
6781
3612
19847
9310
29892
2115
30049
22053
7853
6924
8378
26945
25893
2689
17154
1201
3901
3393
21743
10403
7549
24193
11890
28821
4986
12625
15593
16570
32682
26912
27030
25247
13688
15235
17488
21774
28052
7986
18040
21299
16525
11347
16943
22269
12193
20988
20934
6855
12244
1267
23414
24120
27455
19384
32082
29287
11435
19397
30073
20803
10590
15380
23184
17459
7477
24802
14448
24057
27891
29875
25883
19420
17113
8854
8693
16902
22903
30122
23857
1835
26817
25057
10121
25451
26981
18948
12850
30330
8796
9975
26895
14590
13503
13375
32037
11576
6621
17857
29519
743
18314
10956
2866
12905
28346
16986
4724
21284
2126
9363
30761
12580
9261
1427
13454
26117
11927
13677
22778
30996
8118
24944
23569
19121
18806
31401
30267
20216
14231
26024
8789
23456
22017
22407
5798
3362
20823
1065
18964
1822
26062
448
22935
5115
4160
1426
25071
26575
21884
24060
8594
2686
5089
19895
30441
11557
4907
11354
3771
28345
18060
28704
22250
21483
29951
1260
2397
30287
15321
5258
25405
11966
8096
9272
23652
16121
7969
11109
29458
16014
31933
1976
24546
20224
12804
29268
17917
23330
16773
23131
13198
26052
23267
18608
1654
11153
1324
12546
2368
7224
17255
21510
23639
28362
26476
5891
32630
21859
1785
29844
3937
5133
18177
27306
3027
32481
28999
2512
14775
9072
2092
2483
30106
8545
19653
1761
2657
30299
27441
19921
24631
16677
16682
22308
6090
16395
29401
22826
26039
3716
16879
4776
16962
26131
23281
13016
16715
26219
3283
690
9854
10454
7881
13162
2505
8919
14426
30266
8211
7182
4022
16737
31787
15197
21065
26220
23550
28489
31632
23988
22030
13731
3628
27432
31519
1639
25397
76
16435
26084
976
32642
17593
25117
16644
17545
18690
32624
32201
5699
26868
22645
24418
26043
28418
29993
22509
32358
21340
7500
16185
2985
15202
10759
28119
6044
3423
6866
3700
26382
27764
29077
6502
22217
12498
6669
11908
7702
12332
24690
16699
6788
27245
15191
19166
2278
28326
27857
30526
20379
3146
16091
32635
15890
9373
24313
10009
25996
12394
7452
3926
28452
19956
4550
21691
4877
27440
28526
10994
5404
24625
806
27351
27270
3556
10363
18129
27882
21757
13469
6499
16018
31025
7360
510
17398
17574
23489
17434
22145
32680
23309
7301
5272
4253
25279
250
29401
22587
21768
32245
29344
7672
14548
9926
8656
8386
22442
19428
18384
8177
29396
27525
25555
28794
21441
4203
24669
29285
15271
4865
8195
31361
30316
28838
18290
1110
5319
11593
26802
16475
4515
29494
29612
21097
26308
25903
4074
21616
21676
22207
17311
29033
25024
24267
3047
11403
21671
30826
19023
10434
11763
9719
11160
1117
25859
19044
27576
7430
27687
11472
6946
20472
16390
23132
18759
2668
1597
23099
14429
15956
32585
26633
32351
3916
20391
10334
14165
19406
25657
2978
11477
1701
30188
21283
5834
25764
28824
27748
22900
29335
16680
5817
25776
6010
20218
1808
6266
30441
9353
32274
21168
22488
2889
1131
2584
25476
7890
16741
6821
20649
6977
8124
9974
20214
27355
13486
13088
18110
14068
7505
23725
16624
16
17961
21477
2889
327
20730
31308
27848
25326
3291
19051
32355
115
13452
27859
31736
17801
26377
7776
8582
26245
3679
19387
26781
30728
10431
1570
14867
10719
10193
13676
26617
10535
23114
11079
973
28085
5057
31685
25841
30389
1727
16151
29532
14992
1301
8344
2704
19988
6770
24333
2252
1743
13620
8746
24194
7355
20863
18777
12811
3873
23180
6072
27546
20663
13892
24928
15727
32523
12046
7661
31821
10533
12261
1083
23597
26984
1709
4973
25908
22202
8391
11572
13539
4325
30179
9550
24462
27708
5397
27212
1551
129
2092
11161
29627
7942
319
8376
22677
29715
1672
21965
29634
22408
4213
8543
16957
4291
19965
10076
1484
4548
817
3421
14387
28047
13843
17452
16039
3538
7594
2692
29061
27592
1878
3351
19524
20573
9826
18389
22953
24467
472
3180
12345
29476
29849
21003
4852
2153
29612
12908
2624
17786
3799
14353
2340
22935
24428
25038
29366
15559
22886
32647
5079
4798
12980
19515
25885
13572
21717
26945
10513
10324
3237
7890
15003
323
27767
1480
8122
31778
5219
32421
13432
19492
21730
6615
542
26052
24472
21819
5796
18529
31344
21215
28779
2859
26862
27916
21039
12611
32705
19332
4919
2334
5784
24072
16334
6955
19511
24605
7671
27573
20682
18960
27229
5130
10873
21304
24969
30429
10300
27003
26967
5097
30449
16915
28331
16087
3244
26514
19296
15714
24142
26916
18561
4281
4953
3861
4284
28196
11266
14483
10003
10987
19848
18100
13781
8052
10437
14523
18893
17835
12035
23959
19897
5798
2320
16044
23038
27530
1173
10198
11417
26024
27555
28843
23897
8684
31375
27393
8779
15224
26624
6833
14454
24972
13126
6810
17609
1193
11501
21224
16722
24310
28050
25750
19121
23522
12022
28209
25035
8971
15185
3551
30147
19039
26345
17569
18982
29568
18402
7893
3429
22637
8280
17919
13193
2912
11947
24520
26914
28146
22554
24135
12928
9093
24980
9600
2854
739
10954
10794
6524
19235
8073
28086
19140
8141
21319
31628
27471
4158
31484
19352
3825
11853
14643
11781
23986
30766
28768
9288
6342
6551
3956
19297
27584
18466
3247
15197
24066
16115
693
32
30840
7578
9189
3937
29574
11834
30694
24566
318
22251
6018
1618
2007
14942
23224
31308
24666
19392
11532
27170
28063
23008
31778
16061
8056
21907
29835
13622
13868
22360
223
12698
23079
10296
16140
12010
23535
20976
24557
28774
12378
31314
9503
22539
31999
3561
28944
1627
18666
32220
7512
10076
9620
5396
2893
4323
25618
10401
8913
5650
10892
10074
13167
13344
32241
19652
27559
31832
5097
31542
23173
24421
267
314
12153
15820
5969
20021
11362
25018
2248
23115
32236
17920
8844
17789
28188
20060
13300
29204
9513
21754
30218
7747
27790
12602
1854
16648
10333
7092
20315
11859
31446
4986
24505
18026
17976
10396
9141
13452
215
20466
30046
212
3951
9237
27249
31073
6584
14255
28040
14004
3386
23797
30606
16217
16995
1649
32118
3786
30679
9477
26156
912
6151
10029
7372
30891
32005
32132
4883
3636
9879
18570
18451
25921
5770
5028
10026
21257
18248
16740
21300
20297
28845
3339
12800
8678
3863
17740
19457
5075
24764
9299
21574
10037
19777
26886
27820
6853
27528
5515
31315
15478
6601
30474
7758
20313
23524
23220
9887
2237
29685
5124
2914
26778
26921
14404
19528
28976
28881
13140
16967
491
28085
6567
14736
22922
31147
23438
26562
896
11624
15801
4701
13466
6805
15098
31097
23267
11302
13133
23224
25797
24807
3094
8313
880
5207
9641
4430
27776
18874
18959
5041
24281
11626
30984
23026
28374
16494
13644
2676
23972
25165
14102
14361
32744
11556
10211
16123
30632
22519
19319
22877
17768
4933
14882
225
29843
5087
4161
28667
26397
16378
14087
22437
1127
12930
10878
7508
20323
2225
24776
13611
10232
11745
13995
27759
15272
6558
1357
14396
26992
13312
17723
23670
7407
21559
25264
32513
25803
3432
10005
31541
18513
15800
23492
2444
8283
5030
2577
3998
30583
32157
31883
11344
13637
14281
25983
21576
6433
27691
20158
4772
18434
6376
13984
16875
29090
12519
32329
20803
20704
10906
3371
27109
2914
28956
19916
2255
13438
27517
26570
24760
30555
3674
23324
6217
11347
11184
24730
14474
23964
29937
13248
24475
32552
25432
10671
2980
24009
31354
14708
4622
2457
6431
22925
5876
16281
19535
22185
6356
5784
22704
1968
25739
29527
28175
771
1408
2026
14652
14597
1567
25185
18459
6106
5257
20136
29688
7279
24457
4012
17947
29882
16331
13247
2716
5955
328
2110
1401
29667
24837
28785
32230
8651
4861
9138
5092
11977
25691
5842
5141
29639
19949
5304
15823
4757
2774
19019
12143
232
1923
18835
27888
17570
15584
18458
13500
17747
19403
7321
5825
22272
27849
16336
456
25124
2039
21686
15106
19701
2372
31698
29668
2536
17630
30185
29237
28535
32746
23001
32358
15650
29048
25029
3105
29108
20406
4978
20772
22215
15715
18417
15952
25994
11143
22143
3837
26818
866
26281
25233
15
11426
11700
5201
26737
17369
6971
17783
11786
5421
14618
19844
11046
12114
17035
1239
30840
8885
13967
7551
12966
16634
27024
32334
14601
28841
23108
21550
18862
26916
19924
19896
7840
27357
30526
13571
28777
18373
11768
23482
470
20488
30678
3442
6395
30455
27181
31802
2423
17477
9785
23411
13305
25975
29884
7394
7939
29590
17640
1027
3310
16679
4735
928
13103
17501
30521
6563
30424
29068
27494
7465
21090
6625
31188
13015
18601
8785
27379
23409
2360
9935
11063
20648
10695
24002
28862
9268
6402
20406
25651
21795
11916
14161
20722
20337
31812
7561
8300
2520
17607
1557
9421
13801
15158
16417
30429
13916
28729
12102
27428
20389
4163
8377
25170
18120
22296
195
30942
25197
23693
1137
23020
567
7823
7052
14708
16466
27751
16075
14753
20811
5948
28232
16247
5669
3034
29745
31417
5289
14770
16320
9482
18941
27425
27757
15442
2936
29429
18786
15459
27061
21293
29999
7133
18918
16640
25023
4174
10603
10785
21642
23966
16292
8002
14093
13483
29187
18391
19319
25904
20069
17180
6566
26347
32674
6745
10321
32255
28770
10340
22151
32407
4147
6760
26968
29644
28377
28134
8658
11721
8677
4089
28463
31532
10378
478
4428
4528
16811
9907
16221
27145
26680
7807
9952
4880
27067
21107
22223
16416
19246
5744
27418
5824
28688
969
3156
32642
14264
29001
6060
32299
1256
11384
800
21779
25509
22554
20973
30671
16710
5113
11594
4366
27340
20964
30037
8129
17777
31736
24142
28543
30084
20510
28163
28711
26483
5333
28043
12487
28458
2866
9015
444
29083
16932
26822
539
19614
12029
29144
7248
28924
12078
22182
13829
25286
22354
14063
5958
5100
13167
2358
19682
19722
23672
27178
2580
6277
1814
102
19810
25559
28583
18522
19654
19239
18312
23689
27916
17181
1935
3574
18555
5364
19420
24792
2231
24785
7378
16789
6118
6739
18784
1518
27922
13163
13957
3703
30670
26990
18451
7243
28445
26728
18099
12029
1935
14516
26409
32466
21677
10953
22233
26413
22935
13655
29066
21834
3308
31123
1131
3887
21482
25038
16979
26336
14551
3661
19789
11731
24735
1109
31060
31907
958
21381
11355
8968
28256
9577
32657
21511
19399
27467
1506
25190
16622
7756
23489
8547
6764
17844
25637
15782
4506
14215
22225
8819
27896
18265
985
16164
32717
22370
28770
16599
19726
32725
12457
5220
20865
16494
9031
17554
14626
28746
29107
2186
966
24572
31240
5771
23806
25053
1544
3808
11070
11427
29537
4879
6719
19510
12592
23892
9377
5311
14020
27725
24789
19457
22436
5879
5434
31980
6355
7385
22406
10607
27474
1663
15208
20111
28647
27178
21612
28342
10269
26822
3870
5709
14476
30492
9586
3724
8282
18249
12899
12945
2562
26223
10459
6832
6484
25258
12755
4619
23230
3398
13755
2658
14281
11567
5404
556
5350
13736
21628
4326
31851
21824
16258
3499
31449
28930
18266
1029
4192
24557
8283
27395
23461
31396
25319
21131
25026
21350
13203
31474
6030
10815
13960
2762
4128
29056
21034
22267
29838
30318
1271
28950
10490
567
21169
28645
17104
1834
3263
9799
13385
11814
31185
15418
20788
22611
8387
24122
4341
26897
15044
30410
12750
27694
4279
9808
8541
27740
18393
27941
20070
3554
24996
15341
18387
16785
29428
24100
19705
9210
22121
29434
13085
23774
24076
26721
17463
4838
18485
11364
31477
18324
31660
2234
16387
12154
20238
23707
3210
23210
24434
10450
5623
16749
14925
8724
26365
2360
24211
15760
2525
5595
22815
27591
10213
15100
85
30110
16950
8644
4870
12209
26571
14040
16019
30699
3255
13451
20566
12628
26286
7506
5693
12841
29383
14968
12984
22578
2176
29458
26582
14160
7683
3894
7595
5718
8616
15208
10228
11801
3258
24661
3838
24267
4990
8900
24515
20356
5745
8137
18262
11298
14546
14651
32130
30035
16480
1641
17070
5872
8805
15625
29956
14477
25075
9841
211
31822
9070
29962
12337
8188
6474
3585
7652
13399
11798
6975
20355
24238
4026
31132
15064
22702
32765
22351
14985
8824
3658
5801
13815
6902
7859
18692
103
29294
25142
22006
13152
11095
9279
8906
2131
7532
4463
20016
30082
12032
23452
21555
4634
14481
24345
11884
1442
18079
11575
17525
1689
11710
8203
16545
11355
9451
23410
7402
6213
23068
24403
31787
14873
13595
3876
9104
13220
15507
21168
10314
8094
20843
13335
9607
16337
13396
7958
3745
22142
2462
9608
29077
12028
20304
27949
15800
6562
31095
10923
25253
24295
10430
19922
23418
28104
12095
17188
31300
18794
22425
28309
1975
31233
8771
17295
2851
1264
27936
7737
20131
12338
14675
16889
29592
5368
852
8504
11093
17811
24899
21093
26652
2709
23421
22076
6730
31539
13166
4936
19918
29934
3238
10918
15327
13939
11310
2573
9455
8639
16924
24331
1754
27014
29029
20369
868
11734
2547
7090
2786
19448
10487
3240
7991
26007
13185
21784
17154
25379
24398
18071
26902
30072
15840
108
30763
23227
32212
31639
14035
27269
22129
6163
13231
11588
20861
3929
32226
734
26452
28709
16838
7319
8507
1916
7646
20020
13809
23278
17420
31328
21639
6169
15108
7760
4466
7534
21505
16547
10719
56
10423
18316
4422
13273
13704
31282
32066
13911
25594
12631
25504
26136
6505
31544
7861
25834
7673
14005
11253
11335
28623
27058
14530
14038
22145
22205
29058
25396
19146
5617
18164
29685
1667
13594
7620
20710
20686
8986
7261
28053
23189
27275
2814
30996
16179
32677
31248
15097
32112
9570
8887
16809
31923
11745
13735
17879
29299
6664
3129
26439
15343
23662
28605
9944
31
17272
27410
16833
11754
20162
23157
21019
10905
29632
11671
22688
17548
5541
4082
5042
15915
13443
27484
18335
1312
6068
30941
23587
27076
30586
21438
29486
27350
27106
17122
23784
26995
5870
11354
3314
22850
30706
26419
29935
16624
9791
24466
26692
7900
31999
16644
27931
1555
4704
6927
7854
1918
19445
13325
1218
15194
4697
32314
1137
32489
26645
25355
20013
14951
26563
22721
27906
17216
28020
30271
23323
11904
28496
31000
16264
10123
18812
29165
14655
7950
321
2806
23392
26165
17258
7390
16061
2591
8685
1492
19609
911
21710
30431
9904
3812
577
11121
20600
16459
21007
16192
32167
10291
20538
5713
10741
7169
25316
2901
24099
30469
22381
22585
17980
26541
19164
27897
32027
7417
29056
10421
12589
26671
471
10502
1656
9936
18094
9106
23004
2250
7306
32222
18841
1775
24135
5988
10002
7590
1279
31206
13777
8161
32557
25601
23498
13903
786
25093
9956
24274
24664
26884
19381
51
5366
10281
397
26133
10579
1099
24503
14631
6062
29122
8187
18334
17085
8314
27239
12771
16276
11846
3664
20360
30409
21366
19603
24705
24790
15787
5920
24209
25022
3306
27066
770
2036
9968
8184
21657
12920
21701
27792
20937
25155
24212
21972
2855
15077
6586
23421
16926
30317
7453
10664
24548
20617
4031
32030
22700
11502
17811
7384
20254
31994
7823
3267
3076
10392
23554
24000
7750
32357
24616
16111
14104
28433
3067
13357
5746
6151
12109
5595
7104
24912
16148
15842
20188
12980
17925
1523
30009
1059
17252
31508
1889
19796
27674
27224
6817
6316
520
10989
4866
15713
13723
18780
12668
1247
17824
30733
21095
16235
20826
26890
28722
3078
4306
29956
15959
22420
26479
13211
28814
22333
1222
26842
578
532
1971
27649
4673
19958
22441
27528
9911
13237
10310
12896
27997
15990
23339
21116
19438
10840
13322
22672
21723
22103
4864
27929
29759
3439
10534
1693
26901
27396
23395
4404
24233
24193
18308
12103
14924
4672
8078
30616
29004
14762
20306
21634
31523
2719
8259
26755
13295
26136
20357
7159
17186
29706
19014
14374
23163
13966
1105
13185
24885
22592
7392
4905
24446
14820
17842
1457
15914
848
8286
6949
11945
15238
1511
15947
20278
11296
27792
21288
24402
5105
24562
7878
6257
27881
16203
23605
32499
18745
13849
8912
16213
3000
8936
449
27561
32645
24680
29896
11587
4846
9410
5688
16054
14737
27436
12866
16895
14785
7100
8053
18175
26924
25977
134
5679
7354
32440
21325
5007
20408
16294
28945
19935
17973
19233
25605
3602
11948
14796
13842
31488
1764
31586
7383
9563
18453
25162
9967
4068
7756
3436
20082
2014
12048
9284
5310
25027
13126
6452
2935
28215
26706
26143
28364
15162
7295
30515
13564
30113
23201
14342
14105
32455
30969
30437
22285
2688
3928
4713
18138
22862
6279
9546
21798
25304
17127
9336
25334
1175
13397
9064
26298
2259
17744
12972
8330
6606
30558
3271
25519
30015
10923
1343
6501
29697
22260
28148
24799
14861
19363
26287
28812
8870
15164
19198
7321
15571
5623
12864
9911
27666
30639
13820
15134
331
11514
29303
16081
24579
5018
30085
21284
978
23060
3999
12924
31255
25246
15158
19031
9194
19774
3655
13964
21586
27953
27184
467
7864
11658
24002
20359
27036
10523
28055
21163
6535
31128
13989
13868
26689
506
7956
23141
15427
14370
2381
3048
5231
12735
15700
6012
23551
30833
31831
24418
15036
26927
29319
21981
13680
8934
31526
241
12957
18530
27361
27498
14191
6514
21601
10016
28912
10055
31517
17530
23931
10270
26738
25393
10867
11807
22261
16470
6708
17796
26632
26007
1610
15869
22443
23998
20962
9043
8853
4730
24701
10572
21124
14178
25836
3792
25809
26167
7288
15433
32583
20585
19041
8528
26421
10717
1930
5509
28354
12526
14962
16574
19585
30642
19302
20069
4421
21118
26869
28699
12343
4012
28837
29601
19749
23707
20452
28665
17693
31736
28993
19912
9531
12604
2524
12031
959
1398
23323
31162
28514
18763
15519
2665
26859
30779
631
20781
6909
24870
5011
24197
17459
14350
17531
9001
1903
29982
19009
26422
5742
9451
22963
15500
27296
3579
18134
28788
55
20356
14480
16519
18302
23925
17573
22219
16493
32186
2021
20766
29818
10940
3747
22488
17073
32552
8552
1964
12807
3826
18921
13007
15852
20889
9271
15708
20767
428
20534
6392
25286
5517
5968
9138
27070
13685
6762
28204
6704
21176
7191
11520
8549
17483
15116
22877
21467
3203
12501
17649
408
11295
26822
9484
25790
9865
819
22786
24160
7001
6372
28625
30100
6427
21187
12547
19657
3410
10712
11478
347
30141
25463
6043
10597
14040
7608
29788
25559
15270
40
21185
11976
17070
25790
9268
30733
31811
3345
27716
7178
24073
14279
20551
18120
20405
10833
19012
27464
5396
726
784
17687
6479
26220
6070
6179
32621
24462
19996
8909
7193
203
31972
30271
15526
8123
10897
10496
24400
15415
10219
6085
16581
26569
10660
10379
25316
16738
9531
17378
28868
22859
29985
30860
9208
4446
2075
32070
3857
19830
8167
1254
29029
2084
25378
6310
30735
8100
18025
27840
4151
28431
4287
25403
11924
2001
32558
12548
12334
8030
19377
22848
14441
1313
6994
29409
12351
13493
6032
27767
19149
22616
14083
16969
13073
20381
31043
23205
18162
3681
6661
31860
896
26623
32647
5137
1662
6856
26671
14940
18718
12205
7023
12810
30731
575
8683
20287
3244
1242
18654
32094
2984
5404
29881
22304
3237
29852
1806
1251
28502
14809
23469
21829
25012
19825
8461
17394
7051
18324
4077
25274
29497
16823
17978
22759
12210
28813
18740
27853
15304
6707
29389
19362
7850
15531
20049
912
23978
30859
10316
25609
11075
5110
21929
14427
1882
10700
30231
4228
13508
22814
13745
3143
10249
2277
20957
23679
21351
5107
25972
28340
29722
28969
16420
30444
17627
11243
19731
19395
14759
16593
19653
18622
10433
12959
26176
10973
1274
27512
21358
7023
3376
15950
11458
23850
5397
7325
6174
20347
19249
21593
24309
15387
8235
27173
12205
8931
13124
25541
3655
30689
26660
5846
14401
1963
2521
20412
32699
30195
7965
25821
25050
2652
21463
2573
23658
16268
7141
30792
18119
18563
29465
15783
12797
43
24193
18829
5166
30512
4844
2337
17204
5137
25769
10242
648
31096
25746
18742
10338
9927
20042
19555
7714
1779
11202
29505
16367
24981
20994
31567
24478
25150
6950
32709
28373
10763
422
14282
5232
8058
219
25832
12579
28796
24255
1469
5985
31436
17141
8435
31357
3710
16137
15474
22800
16091
11256
21715
26266
13676
243
26904
14444
15189
1888
28315
14789
27877
4130
16709
11067
19306
3610
25600
12636
8522
14829
9583
13974
27727
8968
31964
9300
16963
20962
13170
14186
25533
24449
11692
29619
28986
9792
26893
31480
30319
28623
530
19220
16350
17531
22117
10070
11944
16304
5971
12583
32418
3516
24704
29677
12970
30421
9945
26671
6972
7006
5067
12793
11072
17766
8370
7810
3878
29554
1685
9484
14901
124
22032
28428
24096
3387
19345
11147
219
3749
13256
12748
9388
9651
29784
14127
13957
9316
3283
7253
13969
25604
9189
5509
20237
20654
29903
12878
19801
19984
12567
2158
12623
22894
10878
1523
18131
3305
22835
11936
32171
26626
4678
18578
29586
346
607
15396
25735
1467
16560
11023
30059
10332
3624
726
3275
26721
5354
3681
11771
20386
15357
19175
2660
3757
25413
1042
15646
6670
7090
31582
25794
11470
12215
7875
3961
21561
4094
4755
11609
26852
30810
4773
31986
6383
24829
28339
9763
26504
4075
9729
30515
17840
24238
26175
30748
10306
2123
29105
18474
16177
4982
12429
31173
12817
11522
29093
24715
1497
1691
7749
1443
4071
3511
25951
13901
6724
3786
8677
24765
7466
6329
119
13097
12739
13458
10302
12577
8756
17786
27416
13087
15066
9447
16629
1119
16595
20239
4737
4848
12737
13216
5891
26124
12490
32433
18820
20133
17636
28152
14645
1600
19535
1598
14603
12294
18786
15633
12972
28696
27787
27321
8334
3364
32658
6253
29533
20534
5661
32454
26270
5840
10105
18547
2195
19260
30103
27951
31070
14113
25941
14576
9576
25685
11263
21345
32516
32754
30230
23443
31568
29612
27472
27631
22108
10593
13279
6768
25231
11506
25334
18703
26438
8274
27274
23166
21181
13788
31830
7960
17203
9450
31777
3609
11081
19619
26435
7946
5548
30996
21862
22400
19443
32387
30346
24838
25803
7935
12876
15192
32081
28220
19559
24274
8639
10142
12923
25383
10571
10900
22285
32342
2380
4391
15823
28634
25503
5331
7458
11297
21577
13717
14554
23616
16989
22341
23105
1509
14369
18726
2398
28557
1644
27580
27511
5367
14162
26845
27348
16344
5123
12811
3014
6352
16881
14593
4840
17565
15153
5772
24741
24975
9764
5020
9722
31035
20566
18587
22141
14964
20646
18173
31647
3959
5288
281
19758
25702
23879
25655
13086
12792
28335
22762
5256
8302
30570
7584
6131
22217
29384
12151
14547
19002
2693
13650
22095
8666
15270
8493
8007
667
17060
31661
32662
22398
4812
3579
29332
27143
23782
24019
24287
24303
26901
12248
24412
27416
18430
1067
7544
21702
7980
16699
8372
5387
5299
223
14176
11651
7700
13218
23718
1602
13921
3677
16331
26635
16290
30220
20658
26306
4982
24026
30114
20516
1790
19326
20040
29366
26102
30154
10240
20731
10533
12673
1872
5354
27640
8298
27317
22431
25962
22178
10915
4433
26662
27190
6855
17796
11760
8433
20623
16256
29249
12403
13036
29441
8241
17539
14167
21808
6042
16295
28690
16850
19835
27121
20400
16576
19354
539
17879
16279
21358
25815
6469
5040
10299
15968
8977
22611
17535
31317
20275
32039
32397
26055
1607
6381
24696
14225
25742
21614
14130
29415
25142
434
7413
22578
20699
13171
738
22555
21069
26833
32233
15590
11412
8520
23272
32258
7985
27870
15895
29150
7591
19617
20899
20990
4922
30544
18329
17741
5111
22105
13062
25781
7924
20227
31837
28141
21977
11245
29976
6290
19871
15031
20130
16762
23704
29183
30837
24645
2480
13199
10623
31540
242
32468
6347
3391
12622
10131
10589
4705
30617
25815
3422
11831
31445
19502
9337
8393
7603
3348
6532
32168
10582
176
867
22841
5466
25022
3369
24656
4373
16589
27009
3584
12828
2218
5453
29618
27657
10012
11660
18293
13692
11729
23681
11413
32352
32665
8722
27247
23408
24018
31598
1411
2809
27171
11762
28363
14049
28782
14670
15692
6120
3327
13539
9706
24110
778
7280
9600
758
22356
20462
4400
26537
816
19128
248
26142
21421
21999
18566
13848
18702
14877
29262
19472
2682
13336
28889
5429
16885
12586
31328
13490
29839
5742
17049
9775
10971
6013
1745
27034
32163
24650
8251
7207
23258
5707
4232
8853
5842
29914
15543
18612
7600
2266
18991
31268
22812
20381
21003
30815
7741
15621
24245
12793
14308
27882
26550
7975
24839
956
16332
18303
17266
618
10557
21758
20153
4482
1132
22607
31601
1945
19626
8778
20127
12013
22350
22204
12657
3657
2312
7270
28972
14633
30066
3656
31590
27423
7400
21023
10869
29301
15514
30764
13863
11796
25823
2103
7348
8868
18893
24532
6128
27381
518
17893
29381
1950
10196
22368
21217
20964
4217
12626
19116
5597
3520
31780
18301
6101
28120
15389
12301
2288
11618
2857
18220
12049
4041
8153
9906
17403
4562
17834
26297
20406
27252
10890
17673
565
3561
9624
24788
20533
26373
23340
24228
22376
15047
25111
2193
19923
27182
20012
16055
116
1613
17407
19431
9513
27298
31212
29341
973
20900
19035
17970
15012
6043
15171
9299
8697
8116
7917
25266
4869
3925
12795
1275
5651
21422
23208
3850
15330
9617
27985
18267
9803
32643
6709
32194
1059
14867
26745
10844
1123
17002
25199
30917
1158
7972
22295
5003
32307
14174
21734
17379
30748
4112
16839
14747
32294
29598
13408
3920
25802
14249
29334
24289
23483
5419
14675
31267
5065
18115
12678
7127
31749
24909
13932
9433
23078
6838
20751
14746
16939
29454
3340
21455
12610
29663
2712
7275
20457
31166
29125
8651
8019
15391
11010
15921
5645
1902
225
17012
28641
23899
3870
14582
13563
28533
8924
21717
15434
10234
28721
24934
11561
13549
16613
17887
17471
18794
119
29011
24483
2359
18785
17124
5700
21147
22429
16948
24201
23155
1128
15388
2100
20098
12102
6049
3468
29193
14406
30499
32699
26775
28551
31192
4725
8995
7675
12665
2778
9048
2923
8251
5534
2352
9660
21249
18535
7876
11632
27600
21110
22115
2928
12419
8330
28385
13320
29120
30721
12849
15155
24106
19777
566
32281
5592
22870
10199
1494
4615
13020
6226
1917
13579
28192
9426
9564
5772
2178
18499
21890
24558
8990
1893
4479
19729
20651
5919
13163
9531
31394
15639
9258
16466
8611
7807
16109
27727
32022
28978
3580
18159
15886
17151
17588
24491
31090
19268
6859
13803
32094
31423
27868
26487
5575
15778
17951
9006
1118
9189
14199
13306
12215
25568
8115
14339
19883
27417
18701
22563
3323
29019
32759
5019
565
16904
1816
29700
23516
12207
3217
15752
8643
26081
1156
28497
954
3393
3287
10306
31596
30171
15925
17381
17800
15287
3670
17317
30239
6573
10113
22590
11342
24186
22863
8049
10524
14356
1713
27132
19877
18747
13620
7625
17529
15697
8580
2150
23103
20075
32047
13749
18846
29096
14764
7909
32349
7618
1180
17824
5064
24546
22863
3974
4694
12985
19338
30171
12426
19404
28552
23932
6935
21263
830
11032
2119
14518
15588
26524
6813
7496
25264
2287
22202
32757
4069
13024
12413
10025
19212
1117
29550
30561
20865
17637
2653
11326
15410
1599
27206
10199
24996
3693
9336
19540
6455
7644
25590
5049
17322
26077
23070
23039
15585
17241
24200
3433
6886
4543
17969
14613
24111
10818
13785
7634
30495
25410
29609
19761
17614
9223
31769
31455
28941
24757
24081
30769
19877
4732
8782
3585
5856
16
16904
10425
16203
27225
28882
2733
10425
29035
15809
30894
28299
17848
20432
5339
9519
31108
16771
23483
13031
1690
24523
30601
9676
23614
20522
24015
11026
2402
25111
27447
2957
22301
4004
29085
20852
26456
29022
27752
31590
11211
10613
20251
24746
18728
2589
8743
10939
14997
31539
25092
2052
18784
25380
21631
31720
11502
5899
18518
28677
26357
5657
29442
27322
12267
5178
24788
3814
1983
6133
11075
18675
16070
12180
27013
19732
2808
390
3932
19146
32092
15361
11827
31149
27585
10220
19561
25449
8879
25339
18157
3847
29597
1308
28939
29038
29540
13586
26245
18217
31988
28767
17382
15210
19526
2664
14611
79
17810
9940
10787
15461
15553
13109
21104
29035
20773
9194
7662
16472
12648
30788
11452
11935
23490
18919
13561
20657
11887
27507
14041
32195
23649
23140
14072
28882
6706
2103
29422
31461
5980
16079
17443
10899
6060
9238
9445
3268
16628
8423
2999
27324
28929
12076
4332
10581
12236
21315
4725
11659
4596
17575
18936
27198
8044
2508
2338
31540
4721
2890
4157
29022
704
25150
13061
13404
20741
26093
16311
7490
26262
15531
23660
11933
7521
29692
20133
3505
25636
25592
24871
8453
29404
25076
23561
30754
9087
1630
17163
24727
17133
2537
20009
19520
28196
32234
20592
27848
20404
25602
273
10349
20852
26878
23220
19459
5746
18171
1294
7740
20784
4814
31926
14374
18957
30883
27956
18165
10753
11235
29019
6915
23949
3676
11738
10261
9202
21148
31245
23264
7842
7581
2841
26572
29940
27560
21815
30455
24603
15475
5968
20861
13145
19085
17611
29687
13424
20987
16803
10817
22618
10788
9404
6273
14393
14058
29815
21860
21137
29978
4484
31147
27829
9734
17399
18663
10367
24176
7838
22400
8772
31914
11410
20988
11015
18940
7437
18814
29421
19270
24955
10637
14321
1254
29140
15127
19673
13788
11048
22710
3177
20012
31868
14385
3286
9348
21972
27974
10110
12063
3473
2471
10453
17385
12285
32322
15523
9188
27941
8645
27245
21962
6375
98
13872
5108
29003
22736
14678
20858
7959
27282
18402
6812
9373
31099
30190
21601
11992
10866
4439
8061
31927
7539
25527
25208
20665
26838
20627
16141
8378
22996
9174
30417
30733
7751
9342
789
16330
15281
16278
25612
24937
30592
24420
27441
30608
5264
17123
1251
298
2546
26996
17746
19129
5868
26320
15519
493
22592
13121
22079
10101
17073
19474
18337
21269
9924
14403
21008
32249
8644
17794
23514
18249
8200
4439
9394
26365
21625
12959
6483
17139
18766
5947
2662
23102
28186
27145
19110
31426
18185
5395
30786
29950
8550
13319
30082
16936
29025
2792
21678
20607
15632
21762
15148
27101
14515
35
32744
26763
30780
10248
2297
11866
23055
26134
11393
4591
3846
18763
6356
13919
25528
2675
2013
252
12027
20639
16830
8558
2471
6611
12983
24581
13213
7167
6217
9805
18952
12848
2459
30179
13027
10760
24348
16776
25020
1388
15722
23668
22967
1148
18291
29676
4309
3016
15322
18199
6262
15040
412
4366
12061
18029
26611
22834
8052
27743
7546
7618
4240
4583
8850
3245
11125
25478
15109
16036
14813
2212
8938
10356
8757
16261
2761
13971
25833
30074
7935
18168
32481
12116
7779
30000
21836
22046
17449
27823
3740
15372
2311
13668
31953
28078
32663
11920
31995
9065
20477
11223
28666
26408
5833
26776
12425
16975
11039
17786
10875
2033
4117
1095
30531
3906
5468
30206
9146
29263
27427
20259
797
9452
11576
5722
13141
30702
10608
24884
13948
23707
25930
21321
17820
31839
9935
4999
16570
30913
1212
11209
24595
26516
16867
1707
2725
24434
30671
32669
30193
10342
21671
14647
29440
25833
28756
11725
3236
18192
31974
11842
23296
9731
22068
17185
12362
1969
13507
9193
720
29378
2026
14505
14393
7373
15155
22989
13838
18636
27395
16952
23417
27085
19582
26515
18508
24042
19621
11492
5444
21882
10945
9058
24976
14985
4613
19848
22925
11398
30319
6248
6868
25660
14575
32578
6518
5124
22219
3413
27270
6200
10306
12789
6104
3050
29296
6878
24841
5590
20593
2248
3519
406
14281
21051
13618
30997
7171
2213
7916
29254
30105
29610
8397
9494
12308
22203
7761
7583
17268
13546
3350
16030
31954
1788
8856
18471
14916
6080
3903
13975
7681
31392
27293
3531
31942
20598
13552
25743
2936
20129
4591
17497
4106
15447
8387
12600
6561
23100
5459
28167
1014
26676
30404
20710
18940
15734
10048
15339
27588
9955
6391
3604
27549
32661
21604
8320
9855
14266
13266
9183
2986
15779
30750
29224
30602
32024
6846
10378
13790
26863
258
7588
28441
17117
29850
2040
1288
5515
1369
26781
8886
5356
14393
3637
909
22735
10142
17439
13757
9648
30943
494
23522
14292
19202
12057
12769
17557
711
20211
22802
9722
6121
10462
12197
25738
18336
16572
14142
4962
20586
13223
20195
12934
6923
19682
17432
2933
29906
26383
32584
15360
16159
28066
20327
25435
14370
4757
6358
9589
16613
3166
27527
30853
17549
28702
17505
28901
9437
31771
32230
32548
20475
26224
13331
21591
25463
1027
8071
24751
137
23480
11240
8273
13722
31204
19843
10849
8454
6149
23090
13920
12577
27824
27011
3001
9592
14282
22
3990
13657
24315
2631
25848
32661
11872
27149
21255
10116
4480
7202
26023
17226
22658
14437
31819
32601
23965
20860
15118
6967
7887
30653
4608
9090
8146
25423
20157
3377
10316
2444
27717
5660
12870
8618
5383
3775
7391
23707
2879
28986
30529
21553
27522
27037
30677
30086
32151
13155
29619
27291
1929
28732
27229
18239
22266
23568
31148
32051
29882
576
19978
23435
13977
22575
25314
7511
9081
24833
10069
19331
23975
16034
23343
30204
1899
21514
14361
2068
21981
23744
15120
15400
17915
7581
8725
29312
10233
4819
29222
28534
29912
16174
6510
17627
8762
153
441
27286
26741
3555
10026
19086
12006
451
1840
17355
4744
5914
31670
26840
15044
31353
22170
32107
28811
21731
20833
30535
11171
29652
9513
1634
2622
12929
24286
26691
26321
2146
17329
2735
35
24814
22982
16772
26533
8358
26925
5093
10753
31572
2324
25751
26101
32661
3387
31147
17762
31637
26536
10078
3232
7962
21147
8765
13333
32452
22212
15501
16390
23699
436
4841
19116
22953
24722
27693
29835
30033
4879
20627
12031
32065
2715
7196
5400
21276
18906
4146
18087
11067
14417
10379
31129
10413
24166
14160
13700
31356
7559
3199
28032
24114
14505
11406
27704
11164
16628
23121
17985
19918
15036
30749
18090
19815
3764
1070
2516
20503
7006
13382
14979
12638
31430
29847
9526
6294
20592
19939
5556
12339
13199
30434
13032
25162
2423
5348
19694
15952
25685
28599
20846
27685
14878
7371
23081
20560
1989
26004
2513
17805
13489
27952
11038
3973
19054
22858
17950
27356
21667
574
8141
24176
32068
28285
22501
12768
14600
7476
6391
11596
6174
25640
3771
1628
3868
25828
5797
7812
19512
23831
24248
30342
27834
22072
26271
31544
9905
30827
5882
3975
15077
1192
25334
30652
17166
14874
10272
2558
12355
10949
16507
18456
3509
17260
31439
18045
23453
2738
27973
1161
5747
23423
22065
6666
15969
7845
32559
24063
29431
18372
22129
27296
30496
6507
12887
8862
12629
29823
29504
7083
31760
14049
30625
4669
23172
27979
5716
19087
25995
23675
4914
745
1248
9620
16867
23330
18574
2497
19189
21859
30376
4379
18220
21549
8507
6349
9497
14750
22657
3189
3310
3056
19799
20174
13969
17218
30705
5517
26095
9371
5837
15496
403
20012
6629
21533
30583
22741
20009
28370
25626
13035
23852
29241
12242
6201
29982
28439
5732
19268
11514
17604
19666
29652
30976
5077
14708
18095
17254
17401
29258
23208
32075
8481
30097
20184
15340
21476
20628
9772
13850
14625
10437
31776
13804
23782
23308
30409
21169
7312
9567
6681
1832
13364
3731
24671
30708
